45
24 42 4 30 29 43 22 15 26 36 26 16 3 22 21 41 18 16 34 41 12 29 32 30 43 15 4 38 36 -1 24 42 18 6 21 38 6 17 32 17 3 34 12 14 1445
24 42 4 30 29 43 22 15 26 36 26 16 3 22 21 41 18 16 34 41 12 29 32 30 43 15 4 38 36 -1 24 42 18 6 21 38 6 17 32 17 3 34 12 14 1445
24 42 4 30 29 43 22 15 26 36 26 16 3 22 21 41 18 16 34 41 12 29 32 30 43 15 4 38 36 -1 24 42 18 6 21 38 6 17 32 17 3 34 12 14 1445
24 42 4 30 29 43 22 15 26 36 26 16 3 22 21 41 18 16 34 41 12 29 32 30 43 15 4 38 36 -1 24 42 18 6 21 38 6 17 32 17 3 34 12 14 1445
24 42 4 30 29 43 22 15 26 36 26 16 3 22 21 41 18 16 34 41 12 29 32 30 43 15 4 38 36 -1 24 42 18 6 21 38 6 17 32 17 3 34 12 14 1445
24 42 4 30 29 43 22 15 26 36 26 16 3 22 21 41 18 16 34 41 12 29 32 30 43 15 4 38 36 -1 24 42 18 6 21 38 6 17 32 17 3 34 12 14 1445
24 42 4 30 29 43 22 15 26 36 26 16 3 22 21 41 18 16 34 41 12 29 32 30 43 15 4 38 36 -1 24 42 18 6 21 38 6 17 32 17 3 34 12 14 1445
24 42 4 30 29 43 22 15 26 36 26 16 3 22 21 41 18 16 34 41 12 29 32 30 43 15 4 38 36 -1 24 42 18 6 21 38 6 17 32 17 3 34 12 14 1445
24 42 4 30 29 43 22 15 26 36 26 16 3 22 21 41 18 16 34 41 12 29 32 30 43 15 4 38 36 -1 24 42 18 6 21 38 6 17 32 17 3 34 12 14 1445
24 42 4 30 29 43 22 15 26 36 26 16 3 22 21 41 18 16 34 41 12 29 32 30 43 15 4 38 36 -1 24 42 18 6 21 38 6 17 32 17 3 34 12 14 1445
24 42 4 30 29 43 22 15 26 36 26 16 3 22 21 41 18 16 34 41 12 29 32 30 43 15 4 38 36 -1 24 42 18 6 21 38 6 17 32 17 3 34 12 14 1445
24 42 4 30 29 43 22 15 26 36 26 16 3 22 21 41 18 16 34 41 12 29 32 30 43 15 4 38 36 -1 24 42 18 6 21 38 6 17 32 17 3 34 12 14 1445
24 42 4 30 29 43 22 15 26 36 26 16 3 22 21 41 18 16 34 41 12 29 32 30 43 15 4 38 36 -1 24 42 18 6 21 38 6 17 32 17 3 34 12 14 1445
24 42 4 30 29 43 22 15 26 36 26 16 3 22 21 41 18 16 34 41 12 29 32 30 43 15 4 38 36 -1 24 42 18 6 21 38 6 17 32 17 3 34 12 14 14
